100001010
110011011
000101110
010100010
101111101
101111101
110111010
010110010
101110101
001010010
101010001
101010101
101100000
010110011
101111010
111111110
000110111
000111111
111100100
000100110
011101111
000111010
001011111
011110101
110111000
101011000
001110111
101101100
010100010
100000000
001101000
110010001
101000100
100001111
110111110
001101111
101111111
100110101
010111001
000000111
000000000
101001100
000000001
111100111
011110010
110011111
110100011
000110001
010001111
011100100
111001010
010101001
011100110
011110111
000000111
001011001
100000100
110101001
110010011
111100001
101001010
001111111
101100110
000001001
111001011
001000101
101011100
010000000
010010010
100011000
001001010
011101011
010011100
111110010
000100001
110111001
001000101
000001100
011000110
110111101
100000111
111111001
000001101
000010111
110101110
001010001
001111001
010001110
111111100
010011010
111001010
000000110
110101101
010010111
100100110
011100101
001110000
001101111
100001011
100110001
100011011
000111100
010010010
110111110
001101011
110001010
100111011
101110100
110010000
100110010
100010011
101110000
001101001
110010100
111110000
000000011
110010111
010011100
010000000
111111100
011110011
110011101
001010010
010010101
010110111
110011111
100101100
010101111
100111001
011100100
011001101
001100101
111100001
001001001
101110001
101011110
001010100
101101010
011110110
011100011
011010101
111000100
110100101
110000111
000011101
110110000
001110000
001011101
001100101
000011101
001010011
001101110
010111010
001101000
100101001
101101100
101101110
011010111
001010100
100001011
110001111
111100010
111010000
110000110
110110000
011110010
111111001
011111101
011110010
100001010
001000100
111011100
101000010
110111011
100110010
100010110
011011011
110110010
100010000
000001000
000010010
111010111
100101100
011110001
011010001
000010011
001100010
111000100
011110011
011000100
101100100
100000100
011100010
100010011
011001100
111001100
100001010
010100011
101000111
100000010